                PRP_mean  PRP_median  PRP_min  PRP_max     PRP_std    ERP_mean  ERP_median  ERP_min  ERP_max     ERP_std   MYCT_mean  MYCT_median  MYCT_min  MYCT_max     MMAX_mean  MMAX_min  MMAX_max   CACH_mean  CACH_max  models_count
vendor                                                                                                                                                                                                                                     
adviser       198.000000       198.0      198      198         NaN  199.000000       199.0      199      199         NaN  125.000000        125.0       125       125   6000.000000      6000      6000  256.000000       256             1
amdahl        416.333333       318.0      132     1144  315.423129  436.666667       290.0      132     1238  346.665905   26.000000         26.0        23        29  37333.333333     16000     64000   56.888889       128             9
apollo         39.000000        39.0       38       40    1.414214   23.500000        23.5       23       24    0.707107  400.000000        400.0       400       400   3250.000000      3000      3500    2.000000         4             2
basf          115.000000       115.0       92      138   32.526912   93.500000        93.5       70      117   33.234019   55.000000         55.0        50        60  12000.000000      8000     16000   65.000000        65             2
bti            22.500000        22.5       10       35   17.677670   39.500000        39.5       15       64   34.648232  275.000000        275.0       200       350   8032.000000        64     16000    0.000000         0             2
burroughs      49.750000        32.0       19      120   34.208395   44.625000        37.0       22      124   33.101306  137.750000        143.0       110       167   4862.500000      2000      6300   18.750000       142             8
c.r.d          42.666667        30.0       23       77   23.846733   25.666667        27.5       21       28    3.265986  320.000000        320.0       320       320   4500.000000      2000      6000    2.666667         4             6
cambex         42.800000        40.0       26       60   13.386560   58.600000        74.0       30       74   21.442948   50.000000         50.0        50        50  12000.000000      4000     16000    8.000000         8             5
cdc           130.111111        71.0       20      368  124.456262   80.222222        74.0       23      138   42.845005   46.666667         50.0        25        64   9126.666667      2000     20970   45.111111       131             9
dec            47.333333        51.0       18       72   24.873011   35.833333        37.0       18       54   12.172373  401.000000        260.0       133       810   6918.666667       512     12000    6.333333         9             6
dg             54.142857        36.0       24      138   41.410259   41.285714        36.0       19       72   17.632492  311.428571        200.0       110       700   8285.714286      2000     16000    9.142857        16             7
formation      16.800000        16.0       12       22    4.147288   34.000000        34.0       34       34    0.000000  800.000000        800.0       800       800   8000.000000      8000      8000    0.000000         0             5
four-phase     36.000000        36.0       36       36         NaN   19.000000        19.0       19       19         NaN  125.000000        125.0       125       125   1000.000000      1000      1000    0.000000         0             1
gould         182.333333       144.0      144      259   66.395281  115.000000       113.0       75      157   41.036569   75.000000         75.0        75        75  13333.333333      8000     16000   85.333333       128             3
harris         49.714286        45.0       36       84   16.418631   35.428571        27.0       18       53   15.458085  282.857143        300.0       180       300   6752.571429       768     12000    4.285714         6             7
honeywell      60.461538        38.0       16      189   56.587124   68.153846        32.0       20      181   64.850914  208.461538        140.0       140       330  11461.538462      2000     32000   12.307692        32            13
hp             36.428571        32.0       17       64   18.919630   31.428571        28.0       18       54   14.187520  104.285714        105.0        75       175   4142.857143      1000      8000    3.428571         8             7
ibm            85.093750        35.5        6      465  119.696217   71.781250        31.0       15      361   88.382502  444.375000        225.0        17      1500   9531.625000       512     32000   10.718750        64            32
ipl            69.000000        63.0       27      136   37.735925   68.333333        63.0       30      128   36.296924   50.000000         50.0        50        50  11333.333333      4000     16000   18.666667        48             6
magnuson       39.666667        38.5       16       65   18.337575   64.166667        63.0       37       88   23.600141   75.000000         75.0        50       100  12000.000000      8000     16000   18.000000        24             6
microdata      30.000000        30.0       30       30         NaN   33.000000        33.0       33       33         NaN  150.000000        150.0       150       150   4000.000000      4000      4000    0.000000         0             1
nas           176.894737       105.0       40      510  152.910611  159.105263       117.0       29      603  149.147911   64.421053         60.0        30       115  17894.736842      4000     32000   55.052632       256            19
ncr            63.307692        42.0        8      212   61.270418   84.769231        62.0       19      281   76.990426   55.538462         56.0        38       112   9923.076923      1000     24000   32.000000       160            13
nixdorf        32.000000        30.0       25       41    8.185353   37.666667        25.0       21       67   25.482020  200.000000        200.0       200       200   4666.666667      2000      8000   21.333333        64             3
perkin-elmer   41.666667        50.0       25       50   14.433757   37.333333        24.0       24       64   23.094011  250.000000        250.0       250       250   8000.000000      4000     16000    0.333333         1             3
prime          53.800000        38.0       30      109   33.078694   34.000000        29.0       20       53   13.638182  160.000000        160.0       160       160   5200.000000      2000      8000   12.000000        32             5
siemens       121.833333        94.0        6      405  117.963656  116.333333        74.0       19      382  113.371740   92.750000         64.5        26       240  13750.000000      1000     32000   34.666667       128            12
sperry        254.923077        70.0       12     1150  368.884910  249.692308        56.0       24      978  332.964809  101.384615         98.0        30       180  22769.230769      4000     64000   44.923077       128            13
sratus         52.000000        52.0       52       52         NaN   41.000000        41.0       41       41         NaN  125.000000        125.0       125       125   8000.000000      8000      8000    0.000000         0             1
wang           56.000000        56.0       45       67   15.556349   36.000000        36.0       25       47   15.556349  480.000000        480.0       480       480   6000.000000      4000      8000   16.000000        32             2